枚举
1012 			ac
1046 			ac
1411			ac
2245			ac
2326			ac
2363			ac
2381			ac

搜索、回溯、遍历
1010			ac
1011			ac
1022			ac		
1118 			ac
1129 			ac
1190 			ac
1562 			ac
1564 			ac
1573 			ac
1655 			ac
2078 			ac
2184 			ac dp
2225 			ac
2243 			ac
2312 			ac
2362 			ac
2378 			ac
2386			ac
1111 			ac 2011.11.11 11:11

动态规划
1015 
1018 
1050 
1088 
1159 
1163 
1221 
1322 
1458 
1579 
1651 
1664 
1742 
1745 
1953 
2033 
2084 
2229 
2385 
2392
2393

图论（不含图遍历）
1125 
1128 
1130 
2320 
2387 
2394 
2395

贪心
1017 
1328 
1862 
1922 
2054 
2209 
2313 
2325 
2370

计算几何
1648 
1654 
1927 
2007 
2098 
2208 
2242 
2276 
2318

数论
1061 
1320 
1597 
1808 
1811 
1845

其他数学、历法
1005 
1006 
1008 
1032 
1067 
1152 
1183 
1209 
1401 
1423 
1491 
1517 
1528 
1543 
1707 
1799 
1844 
1905 
1914 
1942 
2080 
2126 
2140 
2190 
2210 
2234 
2249 
2299 
2321 
2348 
2354 
2365

任意精度运算、数字游戏
1001 
1023 
1047 
1060 
1079 
1131 
1140 
1142 
1207 
1220 
1284 
1289 
1306 
1316 
1338 
1405 
1454 
1503 
1504 
1519 
1565 
1650 
1969 
2000 
2006 
2081 
2247 
2262 
2305 
2316 
2389

基础算法、数据结构
1002			ac
1007			ac
1028			ac
1281			ac
1308 			ac
2092 
2104 
2106 
2340 
2352 
2366 
2371			ac

字符串处理
1016			ac
1051			
1126 
1318 
1572 
1917 
1936			ac
2039 
2083 
2136 
2271 
2317 
2330

人工逻辑
1013

机械模拟、语言解析器
1049 
1600 
1684 
1928 
2050 
2339 
2383

其他题目
1014 
1026 
1045 
1083 
1102 
1146 
1477 
1647 
1656 
1657 
1660 
1926 
2018 
2082 
2231 
2309 
2359 
2369 
2380

构造
1147 
1256 
1426 
1659 
1833 
1898 
1906 
2015 
2085 
2144 
2201 
2319 
2356

没做：
1009
1387 			
1054
